黄豆	12	52.5	36.7999992370605	996.700012207031
黄豆	12	50.7999992370605	25.7999992370605	975.700012207031
黄豆	7	27.8999996185303	3.48000001907349	949.200012207031
黄豆	9	40.4000015258789	12.3000001907349	938.5
黄豆	6	27.8999996185303	2.05999994277954	892.5
黄豆	10	41.4000015258789	0.660000026226044	945.900024414062
黄豆	7	30	0.219999998807907	916.700012207031
黄豆	10	41.0999984741211	0.400000005960464	1006.40002441406
黄豆	7	32	0.340000003576279	926.700012207031
黄豆	9	40	5.09999990463257	949.5
黄豆	7	27.2999992370605	1.04999995231628	938.400024414062
黄豆	12	54.5	1.75	1007.40002441406
黄豆	8	30.6000003814697	0.560000002384186	944.900024414062
黄豆	11	52.7999992370605	1.58000004291534	988.799987792969
黄豆	8	29.6000003814697	0.610000014305115	962.799987792969
黄豆	8	38.7000007629395	2.09999990463257	948.799987792969
黄豆	6	26.2000007629395	0.649999976158142	961.700012207031
糜子	8	37.5999984741211	3.79999995231628	949
糜子	4	15.5	0.430000007152557	885.5
糜子	9	40	1.64999997615814	984
糜子	3	13.8999996185303	0.170000001788139	876.299987792969
糜子	5	21.7999992370605	7.71000003814697	1062.40002441406
糜子	4	14.8999996185303	0.5799999833107	1005.5
糜子	6	28.1000003814697	4.19000005722046	852.299987792969
糜子	5	16.7999992370605	0.439999997615814	944
糜子	5	19.7999992370605	0.639999985694885	928.599975585938
糜子	4	13.5	0.409999996423721	967.200012207031
糜子	6	26.1000003814697	6.48999977111816	994.700012207031
糜子	4	15.8000001907349	0.330000013113022	887.299987792969
糜子	5	21.5	0.219999998807907	1016.59997558594
糜子	4	16.2000007629395	0.209999993443489	963.299987792969
糜子	8	34	1.27999997138977	1069.09997558594
糜子	5	17.7999992370605	0.300000011920929	1003.90002441406
糜子	8	34.2999992370605	5.53000020980835	972.099975585938
糜子	3	14.8999996185303	0.479999989271164	913
糜子	4	20.7999992370605	13.4099998474121	855.700012207031
糜子	3	15.5	2.77999997138977	886.400024414062
糜子	5	22.7999992370605	5.26000022888184	873.599975585938
糜子	4	21.5	2.04999995231628	862
糜子	5	24.1000003814697	1.58000004291534	916.400024414062
糜子	4	22.1000003814697	0.6700000166893	858.400024414062
糜子	5	22.7999992370605	17.2199993133545	862.099975585938
糜子	4	19.7999992370605	6.90000009536743	840.099975585938
糜子	5	24.1000003814697	9.30000019073486	839.299987792969
糜子	3	18.7999992370605	1.89999997615814	853.5
糜子	4	24.1000003814697	1.37999999523163	864.099975585938
糜子	4	17.5	0.639999985694885	817.5
糜子	5	25.1000003814697	32.439998626709	783.799987792969
糜子	4	20.7999992370605	4.07000017166138	787.799987792969
糜子	5	23.1000003814697	22.1299991607666	769.099975585938
糜子	4	20.7999992370605	3.0699999332428	782.400024414062
糜子	4	18.7999992370605	1.82000005245209	811.200012207031
糜子	4	18.2000007629395	0.550000011920929	766.799987792969
糜子	4	20.1000003814697	3.0699999332428	807.099975585938
糜子	3	19.5	1.85000002384186	767.200012207031
荞麦	6	33.7000007629395	4.55999994277954	954.700012207031
荞麦	5	24.7999992370605	1.67999994754791	946.400024414062
荞麦	7	33	10.1000003814697	933.299987792969
荞麦	5	26.7000007629395	2.64000010490417	924.900024414062
荞麦	7	36.7000007629395	3.64000010490417	929.200012207031
荞麦	5	26.7000007629395	1.58000004291534	909.099975585938
荞麦	5	24.3999996185303	1.62999999523163	897.200012207031
荞麦	3	22.1000003814697	0.759999990463257	844.099975585938
荞麦	4	22.5	1.44000005722046	899.799987792969
荞麦	3	15.8000001907349	0.550000011920929	902.900024414062
荞麦	5	30.7000007629395	6.26000022888184	839.799987792969
荞麦	4	21.7999992370605	1.4099999666214	759.200012207031
荞麦	4	29.7000007629395	7.76000022888184	892.400024414062
荞麦	4	20.5	1.8400000333786	842.200012207031
小麦	18	90.1036529541016	47.6800003051758	1125.86999511719
小麦	13	77.2316970825195	14.1770000457764	1131.56005859375
小麦	12	70.300651550293	29.6380004882812	1206.23999023438
小麦	12	81.522346496582	3.81900000572205	1186.60998535156
小麦	17	89.7735977172852	33.0730018615723	1185.01000976562
小麦	12	79.2119979858398	3.48699998855591	1178.27001953125
小麦	10	81.1922988891602	8.80599975585938	1241.18994140625
小麦	18	88.1233520507812	62.8940010070801	1216.41003417969
小麦	17	85.1529006958008	28.5429992675781	1290.30004882812
稻麦轮作-水稻	32	118.754371643066	3.84371542930603	458
稻麦轮作-水稻	22	93.7534484863281	7.44494390487671	495
稻麦轮作-水稻	30	143.755294799805	3.54446029663086	457
稻麦轮作-水稻	21	70.141471862793	3.67706274986267	530
稻麦轮作-水稻	34	147.922103881836	23.6501712799072	514
稻麦轮作-水稻	26	91.670036315918	8.65143489837646	538
稻麦轮作-水稻	35	134.03271484375	20.4851493835449	513
稻麦轮作-水稻	26	109.726257324219	4.31575918197632	502
稻麦轮作-水稻	34	122.921188354492	15.5258941650391	525
稻麦轮作-水稻	15	49.3073692321777	4.90000581741333	551
稻麦轮作-水稻	35	184.034545898438	13.843768119812	483
稻麦轮作-水稻	31	146.533172607422	5.89005136489868	460
稻麦轮作-水稻	33	156.255752563477	12.1676435470581	460
稻麦轮作-水稻	26	104.864967346191	6.43538618087769	477.5
稻麦轮作-水稻	36	141.671875	14.9204483032227	471
稻麦轮作-水稻	25	99.309211730957	3.51140880584717	512
稻麦轮作-水稻	36	163.894912719727	12.7151384353638	465
稻麦轮作-水稻	26	102.087089538574	5.28473520278931	496
稻麦轮作-水稻	37	167.367263793945	11.719536781311	489
稻麦轮作-水稻	25	106.25390625	3.84371542930603	501
稻麦轮作-水稻	33	143.755294799805	13.415114402771	437
稻麦轮作-水稻	17	68.7525329589844	4.83062696456909	465
玉米	6.71999979019165	43.7000007629395	13.3000001907349	765.840026855469
玉米	7.67000007629395	38.2000007629395	14.5	758.169982910156
玉米	6.90000009536743	34.7000007629395	12.8000001907349	772.27001953125
玉米	7.8899998664856	38.2000007629395	13.6999998092651	739.97998046875
黄豆	8.10000038146973	27.5	10.1999998092651	724.099975585938
黄豆	8.40999984741211	31.2000007629395	11	787.299987792969
黄豆	6.84000015258789	25.2000007629395	10.3999996185303	886.900024414062
黄豆	8.53999996185303	30.3999996185303	12	868
玉米	7.87404537200928	32.6330184936523	10.0755596160889	866.075012207031
玉米	7.79982900619507	30.6350803375244	7.83954000473022	832.054992675781
玉米	7.36415529251099	33.298999786377	7.30073976516724	769.640014648438
玉米	7.83883380889893	32.9660110473633	9.10571956634521	734.22998046875
玉米	7.88	29.68	4.48	726.36
玉米	7.72	25.2	6.07	758.8
玉米	8.08	29.12	5.07	705.585
玉米	8.12	35.28	7.45	718.61
黄豆	7.92204140087271	34.335	7.65554	710.485
黄豆	7.96656399260959	39.06	6.751368	716.285
黄豆	7.51815706445428	25.2	9.844588	755.16
黄豆	7.45936543483576	23.94	8.083832	705.945
玉米	9.42000007629395	67	20.5	735.400024414062
玉米	9.5	122.199996948242	28.8999996185303	743.799987792969
玉米	9.9399995803833	65.5999984741211	11.5	717.799987792969
玉米	9.10999965667725	64.1999969482422	14.1000003814697	728.099975585938
黄豆	10.039999961853	36.4000015258789	16.1000003814697	814
黄豆	11.5	43.7999992370605	14.1999998092651	822.700012207031
黄豆	11.5699996948242	44.5	27.3999996185303	823.799987792969
黄豆	8.97000026702881	36.7000007629395	30.7000007629395	805.599975585938
玉米	9.83888053894043	51.6134490966797	20.5686893463135	793.890014648438
玉米	9.13240432739258	43.9546813964844	6.99093008041382	794.164978027344
玉米	11.1263408660889	54.6103591918945	15.4500904083252	803.609985351562
玉米	10.8304061889648	51.9464416503906	12.7426204681396	741.369995117187
玉米	9.92064620379756	39.76	21.97	770.885
玉米	11.6070483189915	46.48	13.01	783.09
玉米	11.5843303866389	47.04	16.19	806.82
玉米	10.3297917382324	40.88	8.32	790.965
黄豆	10.4391537065185	44.1	25.072748	766.315
黄豆	10.8958345686977	37.17	22.788524	733.19
黄豆	11.7479832331639	50.085	16.45932	717.365
黄豆	10.348828502751	36.54	15.935852	744.785
黄豆	6.1100001335144	36	13.8999996185303	908
黄豆	5.28999996185303	35	12.8000001907349	902.799987792969
黄豆	5.11999988555908	25.1000003814697	9.19999980926514	918.799987792969
黄豆	7.28000020980835	52.5	34.2999992370605	895.200012207031
黄豆	6.21999979019165	30.7000007629395	9.69999980926514	808.5
黄豆	7.40000009536743	34.2999992370605	18.7999992370605	931.700012207031
谷子	5.82000017166138	55.2000007629395	15.6999998092651	760.299987792969
谷子	7.30999994277954	51.4000015258789	19.5	766.700012207031
谷子	6.07000017166138	164.600006103516	23.2999992370605	814.200012207031
谷子	5.82000017166138	43.7000007629395	13.1000003814697	734.400024414062
谷子	6.36999988555908	56.5999984741211	24.2000007629395	802.700012207031
谷子	6.44999980926514	60.0999984741211	19.2000007629395	774.599975585938
黄豆	8.52000045776367	39.5	23.6000003814697	1076.59997558594
黄豆	7.65999984741211	39.2000007629395	19.2000007629395	1053.90002441406
黄豆	8.46000003814697	47.4000015258789	30	991.200012207031
黄豆	7.23999977111816	41	22.2999992370605	980.900024414062
黄豆	8.75	41.2999992370605	18.2999992370605	1081
黄豆	8.02999973297119	44.9000015258789	22.1000003814697	956.299987792969
谷子	9.36999988555908	45.2999992370605	24.2000007629395	877
谷子	8.19999980926514	39	24.7000007629395	842.5
谷子	6.59000015258789	31.8999996185303	17.6000003814697	926.5
谷子	9.44999980926514	47.5	33.0999984741211	868
谷子	9.09000015258789	48.5999984741211	24.8999996185303	893.799987792969
谷子	9.6899995803833	50.0999984741211	32.7999992370605	940.900024414062
黄豆	9.02889537811279	59	25.4044208526611	860.794982910156
黄豆	6.8471474647522	43.4000015258789	21.6328201293945	863.090026855469
黄豆	8.61011123657227	52.7000007629395	38.9417686462402	862.905029296875
黄豆	11.2532444000244	59	39.022590637207	913.109985351562
黄豆	8.89662456512451	53.4000015258789	30.2805595397949	899.734985351562
黄豆	11.6881771087646	61.2000007629395	38.0931587219238	939.10498046875
谷子	13.2543929181623	63.56	30.88	856.55
谷子	12.5575881954106	56.84	29.29	877.26
谷子	10.7066554132334	53.76	22.97	889.98
谷子	11.1566779295464	58.24	30.1	846.485
谷子	11.5437343151684	55.44	21.58	923.255
谷子	10.6822805092267	56	26.66	895.175
黄豆	9.59615458536486	52.605	29.117728	778.79
黄豆	9.84887238890979	50.715	31.639892	741.985
黄豆	7.3490155871077	42.21	31.639892	765.805
黄豆	8.68500398153195	46.62	29.641196	769.535
黄豆	9.13074630600965	37.17	24.31134	805.03
黄豆	8.58473127526892	44.1	35.875224	804.625
黄豆	9.88000011444092	43.2999992370605	27.7000007629395	826.700012207031
黄豆	8.36999988555908	37.5999984741211	17.2999992370605	889.700012207031
黄豆	9.55000019073486	40	10	903.599975585938
黄豆	9.86999988555908	42.2999992370605	9.69999980926514	857.299987792969
黄豆	8.48999977111816	37.2999992370605	9.10000038146973	858.799987792969
黄豆	9.48999977111816	44.5999984741211	15	858.900024414062
玉米	9.67000007629395	57.5999984741211	8.69999980926514	775.155029296875
玉米	9.02999973297119	48.2999992370605	20.8999996185303	771.734985351562
玉米	9.71000003814697	44.7999992370605	13.8000001907349	784.690002441406
玉米	9.89999961853027	61.0999984741211	9	754.289978027344
玉米	9.14999961853027	61.7999992370605	14.8000001907349	780.880004882813
玉米	9.06999969482422	43.0999984741211	11.6999998092651	724.049987792969
黄豆	10.5699996948242	36.7000007629395	9	824.299987792969
黄豆	11.1300001144409	48.2000007629395	16.7999992370605	876.900024414062
黄豆	9.47000026702881	37.7999992370605	15.1000003814697	911.299987792969
黄豆	10.6800003051758	39.7000007629395	7.80000019073486	859.900024414062
黄豆	10.539999961853	43	18.1000003814697	885.299987792969
黄豆	9.85999965667725	37.7999992370605	9	838.299987792969
玉米	9.70209693908691	41.6237487792969	8.00117969512939	809.414978027344
玉米	9.82789707183838	46.2856101989746	9.72533988952637	868.835021972656
玉米	10.9428195953369	42.6227188110352	14.4263696670532	806.190002441406
玉米	10.2600002288818	46.2856101989746	13.0254898071289	884.099975585938
玉米	9.69295692443848	50.2814903259277	6.62724018096924	761.655029296875
玉米	10.3755044937134	46.2856101989746	10.3584299087524	929.284973144531
玉米	8.91	39.48	6.12	789.265
玉米	10.37	38.36	8.06	776.15
玉米	9.46	39.2	5.05	748.1
玉米	11.9	39.76	6.26	733.2
玉米	10.54	44.24	13.75	750.255
玉米	10.3	41.72	11.46	751.13
黄豆	10.0744431079127	42.84	17.030376	726.56
黄豆	10.46	42.84	10.939112	699.67
黄豆	10.5709495994016	40.95	15.650324	710.96
黄豆	10.238611890897	39.375	11.129464	742.63
黄豆	9.82284110464152	40.635	15.7455	702.07
黄豆	9.74739472513583	40.005	11.034288	702.175
玉米	6.6100001335144	43.4000015258789	6.90000009536743	897.385009765625
玉米	6.13000011444092	35.0999984741211	3.70000004768372	870.794982910156
玉米	6.05000019073486	37.7999992370605	4.40000009536743	941.948486328125
玉米	4.88000011444092	31.8999996185303	2	845.739990234375
玉米	4.44000005722046	29.5	2.70000004768372	832.325012207031
玉米	5.6100001335144	33	3.90000009536743	870.684997558594
玉米	4.73999977111816	33	1.5	939.900024414062
玉米	7.53999996185303	40.0999984741211	12.1000003814697	1067.09997558594
玉米	6.15999984741211	35.2000007629395	4	968.900024414062
玉米	6.26000022888184	31.2000007629395	3	973.700012207031
玉米	6.61999988555908	34.5	5.40000009536743	966.299987792969
玉米	7.26999998092651	36.4000015258789	8	946.5
玉米	6.38732194900513	33.298999786377	4.74530982971191	932.219970703125
玉米	6.74518632888794	33.298999786377	2.37815999984741	913.684997558594
玉米	7.41729831695557	36.2959098815918	3.21492004394531	997.630004882813
玉米	6.32868407588344	33.32	5.92	841.94
玉米	8.00244926532021	37.52	5.53	928.93
玉米	7.84961746800369	32.2	5.1	1002.82
玉米	6.85138449639087	30.8	3.79	894.045
玉米	6.44628024296853	32.48	3.27	826.83
玉米	6.84674430308719	31.08	3.59	860.265
玉米	7.53735251539995	38.745	4.229204	679.23
玉米	7.32545653308889	33.705	17.458668	732.825
玉米	7.7960687953958	34.02	8.274184	667.915
玉米	7.62313837499501	32.13	4.181616	687.53
玉米	6.53980696998894	33.075	4.134028	670.26
玉米	6.79213117294384	36.225	5.561668	679.935
玉米	6.19000005722046	38.9000015258789	3.5	860.460021972656
玉米	5.80000019073486	34.4000015258789	3.59999990463257	781.039978027344
玉米	6.73000001907349	42.7000007629395	3.70000004768372	835.260009765625
玉米	6.73999977111816	42.7000007629395	4.59999990463257	837.325012207031
玉米	6.96000003814697	42.4000015258789	4.09999990463257	869.859985351562
玉米	7.15999984741211	41.2999992370605	3.40000009536743	845.090026855469
玉米	7.36999988555908	38.5999984741211	4.40000009536743	1022.20001220703
玉米	6.76000022888184	38.5999984741211	5.30000019073486	1043.30004882812
玉米	7.80000019073486	47.9000015258789	5.30000019073486	1026.90002441406
玉米	8.02000045776367	41.9000015258789	7.59999990463257	1083.19995117188
玉米	7.1100001335144	38.2000007629395	6.09999990463257	995.599975585938
玉米	7.92999982833862	42.7000007629395	6.5	1093.59997558594
玉米	7.20893621444702	39.9588012695313	3.13785004615784	896.974975585938
玉米	6.38681125640869	36.9618911743164	2.29008007049561	945.934997558594
玉米	7.28615140914917	39.9588012695313	2.19098997116089	971.460021972656
黄豆	6.85158286143126	33.6	3.02	898.985
黄豆	7.45111635159088	38.92	3.79	874.025
黄豆	6.93548514100753	36.96	2.19	883.41
黄豆	8.28507673446067	39.2	2.64	922.42
黄豆	7.72665691046207	35.56	2.4	896.625
黄豆	7.03323286831871	35.84	2.22	824.17
洋芋	7.45861351374676	36.855	5.371316	769.53
洋芋	7.69747422456591	33.705	7.132072	681.275
洋芋	7.22119749909075	34.335	3.515384	830.55
洋芋	7.20797894737601	39.06	2.944328	748.63
洋芋	7.51346927457836	42.84	5.085788	830.495
洋芋	7.1527168801058	40.95	6.297344	695.98
稻麦轮作-水稻	34	149.998794555664	2.8658185005188	409
稻麦轮作-水稻	33	182.855682373047	2.80286526679993	423
稻麦轮作-水稻	37	199.284118652344	31.8457221984863	510
稻麦轮作-水稻	36	166.42724609375	27.3866901397705	444
稻麦轮作-水稻	38	178.570007324219	16.7753791809082	419
稻麦轮作-水稻	33	146.427398681641	10.851056098938	427
稻麦轮作-水稻	37	178.570007324219	15.3797302246094	434
稻麦轮作-水稻	38	182.49853515625	14.7821207046509	428
稻麦轮作-水稻	25	161.07014465332	9.38347911834717	453
稻麦轮作-水稻	37	174.998596191406	10.8085861206055	398
稻麦轮作-水稻	35	192.141326904297	9.84998321533203	438
稻麦轮作-水稻	39	213.569717407227	4.02512884140015	399
稻麦轮作-水稻	38	223.569641113281	3.27867364883423	429
稻麦轮作-水稻	42	228.569595336914	8.80624771118164	401
稻麦轮作-水稻	32	242.855194091797	8.8456449508667	424
稻麦轮作-水稻	39	166.42724609375	17.9417572021484	393
稻麦轮作-水稻	29	144.284561157227	4.92889928817749	415
稻麦轮作-水稻	41	224.283920288086	25.3353595733643	412
稻麦轮作-水稻	40	192.855606079102	21.2730331420898	414
稻麦轮作-水稻	41	256.783660888672	18.3604354858398	392
稻麦轮作-水稻	40	185.712799072266	16.6694564819336	370
稻麦轮作-水稻	40	214.283996582031	15.9395484924316	357
稻麦轮作-水稻	28	132.141799926758	4.38964557647705	425
稻麦轮作-水稻	40	227.855316162109	18.0803470611572	438
稻麦轮作-水稻	29	174.998596191406	13.0656051635742	499
稻麦轮作-水稻	36	186.784225463867	11.8469858169556	440
稻麦轮作-水稻	33	167.855804443359	14.4737377166748	499
稻麦轮作-水稻	35	184.284240722656	10.2209997177124	458
稻麦轮作-水稻	33	185.712799072266	11.4093999862671	474
稻麦轮作-水稻	35	197.855560302734	11.4093999862671	453
稻麦轮作-水稻	33	167.141525268555	11.451530456543	439
稻麦轮作-水稻	35	179.998565673828	13.4083757400513	403.5
稻麦轮作-水稻	34	177.855712890625	13.4261989593506	390
稻麦轮作-水稻	34	174.641464233398	12.5091609954834	431
稻麦轮作-水稻	34	187.85563659668	13.8971548080444	401
稻麦轮作-水稻	35	163.570114135742	14.6687936782837	471
稻麦轮作-水稻	34	174.284317016602	13.7549753189087	434
稻麦轮作-水稻	36	184.284240722656	12.4639797210693	466
稻麦轮作-水稻	36	171.070053100586	16.3361396789551	481.5
稻麦轮作-水稻	34	182.141403198242	11.8416318893433	468
稻麦轮作-水稻	33	164.284393310547	12.689887046814	412
稻麦轮作-水稻	34	174.998596191406	14.4252004623413	532
稻麦轮作-水稻	36	152.141647338867	12.7807998657227	460
稻麦轮作-水稻	37	166.42724609375	13.9923734664917	427
稻麦轮作-水稻	14	70.7137222290039	4.13635396957397	351
稻麦轮作-水稻	24	130.713241577148	40.7327499389648	341
稻麦轮作-水稻	19	143.570281982422	64.6017761230469	291
稻麦轮作-水稻	23	152.855926513672	79.0032348632813	324
稻麦轮作-水稻	19	121.427597045898	31.9149990081787	316
稻麦轮作-水稻	21	126.427558898926	11.7101783752441	339
稻麦轮作-水稻	14	84.285041809082	4.63170719146729	393
稻麦轮作-水稻	21	124.999000549316	13.6606588363647	325
稻麦轮作-水稻	16	109.284843444824	5.37564039230347	326
稻麦轮作-水稻	20	90.7135620117187	22.417459487915	372
稻麦轮作-水稻	15	89.2850036621094	6.00046730041504	359
稻麦轮作-水稻	20	130.713241577148	16.7038555145264	364
稻麦轮作-水稻	14	83.5707626342773	7.81881856918335	340
稻麦轮作-水稻	20	122.141876220703	17.1844329833984	337
稻麦轮作-水稻	14	93.5706787109375	6.6766242980957	347
稻麦轮作-水稻	24	136.427474975586	14.1964015960693	335
稻麦轮作-水稻	17	109.284843444824	5.0373477935791	315
稻麦轮作-水稻	28	116.160247802734	1.6451473236084	428.5
稻麦轮作-水稻	33	116.806770324707	11.03990650177	431.5
稻麦轮作-水稻	32	120.039367675781	13.072416305542	446
稻麦轮作-水稻	34	116.160247802734	14.2914447784424	407.5
稻麦轮作-水稻	31	138.465194702148	11.861273765564	398.5
稻麦轮作-水稻	31	116.160247802734	9.87254619598389	418
稻麦轮作-水稻	33	110.341567993164	21.734655380249	477
稻麦轮作-水稻	32	111.634605407715	24.4410247802734	487.5
稻麦轮作-水稻	33	120.685890197754	11.7327527999878	435.5
稻麦轮作-水稻	31	134.262802124023	12.0373678207397	401.5
稻麦轮作-水稻	31	107.10897064209	1.85774505138397	404
稻麦轮作-水稻	34	130.383682250977	13.072416305542	427.5
稻麦轮作-水稻	35	152.365371704102	12.4826049804687	435
稻麦轮作-水稻	35	63.1456069946289	14.6557970046997	391.25
稻麦轮作-水稻	35	147.193206787109	19.7348136901855	435
稻麦轮作-水稻	31	114.867210388184	9.9133939743042	408.5
稻麦轮作-水稻	36	145.900161743164	13.7690858840942	439
稻麦轮作-水稻	32	178.226165771484	2.66211986541748	440
稻麦轮作-水稻	35	163.679473876953	2.53682661056519	465
稻麦轮作-水稻	35	146.546691894531	5.88983535766602	458
小麦	31.4799995422363	141	2.90000009536743	477
水稻	32.7900009155273	148.600006103516	1.89999997615814	380
小麦	27.5200004577637	157.600006103516	2	486
小麦	25.9799995422363	125.699996948242	2.20000004768372	499.5
小麦	33.6500015258789	196.5	3.20000004768372	513
水稻	24	143.600006103516	2.5	349
小麦	38.5200004577637	218.800003051758	28.7999992370605	592
小麦	28.5799999237061	139.600006103516	5	473
小麦	41.3800010681152	194.5	28.3999996185303	530
小麦	32.6500015258789	166.699996948242	7.19999980926514	466
水稻	28.2999992370605	124.900001525879	1.39999997615814	437
水稻	28.5699996948242	141.399993896484	1.5	410
水稻	27.8400001525879	138.899993896484	2.29999995231628	374
水稻	27.8099994659424	172.600006103516	2.70000004768372	380
水稻	29.2999992370605	237.600006103516	2.20000004768372	408
水稻	31.8299999237061	215.600006103516	1.60000002384186	406
小麦	39.8774795532227	232.514724731445	14.1458396911621	408
小麦	38.5659332275391	253.030715942383	10.8424797058105	427
小麦	41.1419067382812	218.837387084961	16.9563598632813	455
水稻	36.7652168273926	282.095062255859	6.54012012481689	417
水稻	39.9324340820313	235.934051513672	7.01963996887207	436
水稻	37.8757057189941	215.418045043945	5.28804016113281	452
小麦	39.4384610688768	170.4871875	8.85416666666667	406.25
水稻	40.4514054314657	151.06	12.2916666666667	401.041666666667
小麦	42.2206281224244	205.3471875	14.6875	442.708333333333
水稻	30.1874540967514	123.4625	11.25	385.416666666667
小麦	36.3563248816136	216.9671875	11.5625	416.666666666667
水稻	33.9297004723817	153.965	11.0416666666667	406.25
水稻	33.2618046908316	193.229166666667	5.72916666666666	406.25
水稻	34.8716820156386	231.145833333333	18.125	367.951907131012
水稻	31.8150924078091	178.645833333333	17.8125	331.67495854063
小麦	33.1397747942833	201.979166666667	19.7916666666667	431.034482758621
小麦	34.4792552915767	137.8125	18.75	528.455284552846
小麦	38.6608684324794	166.979166666667	11.9791666666667	454.746627575379
小麦	39.0200004577637	159.699996948242	19.7000007629395	729
小麦	31.8700008392334	128.5	5.90000009536743	553.5
小麦	39.3300018310547	183.300003051758	21.2999992370605	796.5
小麦	30.6900005340576	141	6	580.5
水稻	38.0699996948242	187.100006103516	20.6000003814697	526
水稻	36.0999984741211	184.600006103516	18.6000003814697	502
小麦	25.5200004577637	121.599998474121	1.70000004768372	420
水稻	35.2299995422363	176.300003051758	23.3999996185303	604.5
水稻	31.7700004577637	142	19.6000003814697	617
小麦	36.5900001525879	178.5	43.0999984741211	294.5
小麦	33.8699989318848	159.800003051758	3.5	415
小麦	30.6200008392334	154.899993896484	10.6000003814697	455
水稻	33.3499984741211	167.800003051758	25.2999992370605	540
水稻	34.3600006103516	174	22.1000003814697	552
水稻	35.5400009155273	269.100006103516	25.3999996185303	628
水稻	38.2299995422363	271	33.7000007629395	581
水稻	35.7412643432617	215.418045043945	34.9650001525879	736
小麦	36.4798164367676	222.256713867187	39.3073196411133	578
小麦	34.1950759887695	208.579376220703	27.8388004302979	735
水稻	36.2499885559082	249.611389160156	37.9620018005371	629
小麦	40.8088616319748	176.47875	37.9166666666667	744.79
小麦	39.9172946733903	207.7075	44.0625	729.17
小麦	38.2041051297176	209.16	25.625	645.83
水稻	32.0368070493052	159.775	26.5625	614.58
水稻	33.3097387478326	152.5125	23.8541666666667	567.71
水稻	38.4088276773802	143.7975	14.5833333333333	395.83
水稻	39.9999023136247	159.6875	30.4166666666667	587.871287128713
水稻	37.2858414059151	216.5625	19.0625	564.024390243903
水稻	38.7264010004169	218.020833333333	30.5208333333333	630.081300813008
小麦	48.2623146067416	80.9375	39.375	747.73102310231
小麦	37.514682051282	177.1875	29.375	782.545605306799
小麦	37.5748375920312	118.854166666667	36.25	684.380032206119
水稻	37.4799995422363	186.100006103516	6.5	395
水稻	39.6599998474121	184	5.19999980926514	393
水稻	40.9799995422363	193.800003051758	10.1000003814697	400
水稻	38.7900009155273	222.899993896484	8	417
水稻	40.1800003051758	230.600006103516	8	413
水稻	40.8400001525879	224.300003051758	9.5	382
水稻	25.7299995422363	200.699996948242	8	471.5
小麦	40.0099983215332	170.100006103516	9.10000038146973	531
小麦	34.4099998474121	148.600006103516	5.90000009536743	472.5
小麦	41.2000007629395	186.100006103516	11.5	477
小麦	32.8199996948242	73.5999984741211	6.19999980926514	463.5
水稻	31.7099990844727	197.899993896484	7.69999980926514	454
水稻	30.9899997711182	209.300003051758	7.90000009536743	459
水稻	31.4300003051758	197.100006103516	7.59999990463257	432
水稻	29.0400009155273	217.899993896484	11.3000001907349	412
小麦	41.1100006103516	184.699996948242	10.1000003814697	454.5
小麦	33.5400009155273	158.300003051758	5.09999990463257	441
水稻	34.2299995422363	215	8.5	483
小麦	40.2799987792969	179.899993896484	10.3000001907349	513
小麦	42.6599998474121	181.199996948242	12.3000001907349	544.5
小麦	31.7299995422363	75.6999969482422	5.30000019073486	490.5
小麦	38.2400016784668	156.899993896484	9.39999961853027	490.5
小麦	28.3400001525879	143.699996948242	4.30000019073486	490.5
小麦	42.2099990844727	197.899993896484	12.1000003814697	522
小麦	36.7299995422363	192.399993896484	6.19999980926514	463.5
小麦	41.8199996948242	182.600006103516	10.6999998092651	526.5
小麦	34.1300010681152	132.600006103516	5.59999990463257	445.5
小麦	42.0099983215332	216.699996948242	9.5	513
小麦	34.3499984741211	190.300003051758	4.5	463.5
小麦	30.8799991607666	126.400001525879	5	468
小麦	28.5400009155273	122	6.5	392
小麦	35.6500015258789	145.300003051758	8.60000038146973	446.5
小麦	28.7199993133545	134.300003051758	4.59999990463257	421
小麦	36.689998626709	207.300003051758	8.10000038146973	417.5
小麦	30.6900005340576	125.900001525879	5.80000019073486	410.5
小麦	35.7900009155273	153.699996948242	4.30000019073486	402
水稻	34.4099998474121	147.199996948242	8	412
小麦	29.25	167.199996948242	6.80000019073486	393.5
水稻	27.8099994659424	159.800003051758	8	434.5
水稻	32.939998626709	130.399993896484	6.5	430
水稻	34.3600006103516	131	6.40000009536743	418
小麦	35.5099983215332	156.199996948242	8.60000038146973	406.5
小麦	32.3400001525879	136.199996948242	3.79999995231628	391
小麦	31.5100002288818	150.699996948242	5.30000019073486	431
水稻	35.2900009155273	145.899993896484	9.19999980926514	430.5
小麦	27.8600006103516	134.899993896484	5.80000019073486	410
水稻	33.1599998474121	217	10.6000003814697	439.5
小麦	30.2800006866455	138.800003051758	9.89999961853027	390.5
水稻	33.0200004577637	184	6.40000009536743	380
水稻	33.5900001525879	188.399993896484	7.69999980926514	388
水稻	33.1599998474121	176.600006103516	7.19999980926514	404
水稻	30.4799995422363	192.800003051758	7	400
水稻	32.0200004577637	162	5.30000019073486	384
水稻	33.9500007629395	184	7.19999980926514	364
水稻	32.7019729614258	253.800003051758	12.6000003814697	472
水稻	36.2756805419922	257.600006103516	9.60000038146973	460
水稻	32.9959564208984	248.100006103516	8.69999980926514	437
水稻	39.6554641723633	267.100006103516	8.60000038146973	444
水稻	38.2683334350586	261.399993896484	8.60000038146973	416
水稻	37.7566680908203	259.5	8.80000019073486	430
水稻	37.6517066955566	215.418045043945	11.6949596405029	433
水稻	48.0034408569336	297.482055664063	7.31267976760864	421
水稻	43.4857902526855	249.611389160156	6.20711994171143	337
水稻	45.2354888916016	225.676055908203	5.10156011581421	448
水稻	39.2066383361816	246.19206237793	11.8281602859497	382
小麦	41.6799545288086	246.19206237793	15.6776399612427	490
小麦	41.8126602172852	232.514724731445	13.2667198181152	435
小麦	37.6911506652832	229.09538269043	20.1265201568604	419
小麦	38.8587112426758	253.030715942383	9.93671989440918	442
小麦	39.3345603942871	335.0947265625	14.9983196258545	414
小麦	34.426513671875	223.966384887695	9.21743965148926	473
水稻	39.4231719970703	215.418045043945	3.26340007781982	440
水稻	40.3959646607953	153.965	10.4166666666667	401.041666666667
水稻	36.7079649809348	165.585	11.25	385.416666666667
水稻	45.9947461757777	172.8475	9.79166666666667	390.625
水稻	37.3201496103308	167.0375	11.25	401.041666666667
水稻	30.4471546304806	161.2275	4.16666666666667	390.625
小麦	39.0185532532497	199.5371875	9.6875	500
小麦	42.4662048226455	202.4421875	13.2291666666667	442.708333333333
小麦	44.9784908615266	224.2296875	19.375	442.708333333333
小麦	40.7074187178026	246.0171875	13.6458333333333	437.5
小麦	41.4946547862039	209.7046875	13.3333333333333	453.125
小麦	40.8925143498359	195.1796875	9.47916666666667	473.958333333333
水稻	30.22	159.775	12.1875	406.25
水稻	36.7981260180026	226.770833333333	18.4375	484.73597359736
水稻	37.469582697201	212.1875	19.375	526.041666666667
水稻	41.1699177377892	239.895833333333	20.5208333333333	557.291666666667
水稻	38.1762618243243	218.020833333333	17.5	623.968646864686
小麦	41.6252800694746	219.479166666667	17.5	453.795379537954
小麦	40.4090414507772	247.1875	17.1875	446.623589370222
小麦	47.2871761658031	242.8125	17.9166666666667	383.499170812604
小麦	39.7282236671001	213.645833333333	18.3333333333333	559.31855500821
小麦	38.1166557093426	159.6875	18.8541666666667	474.422442244224
小麦	36.3824217335058	203.4375	21.1458333333333	510.519801980198
水稻	40.3539090522737	223.125	19.375	517.871732026144
水稻	38.3150204081633	290.9375	11.7708333333333	538.971807628524
水稻	30.9200000762939	131.399993896484	4.69999980926514	410
水稻	40.7000007629395	198.300003051758	15.3999996185303	453
水稻	37.7900009155273	169.199996948242	7.69999980926514	386.5
水稻	29.8899993896484	116.199996948242	5.30000019073486	451.5
水稻	39.6699981689453	181.5	7.30000019073486	397.5
水稻	32.9099998474121	129.100006103516	11.3999996185303	425.5
水稻	33.5200004577637	188.399993896484	8.89999961853027	345
水稻	32.1199989318848	194.199996948242	6.19999980926514	361
水稻	30.0100002288818	160.5	8.10000038146973	358
水稻	31.8500003814697	172.600006103516	6.90000009536743	332
水稻	29.5499992370605	149.5	9.60000038146973	342
水稻	31.1100006103516	184	6.5	340
水稻	32.0167198181152	258.600006103516	10.3999996185303	420
水稻	31.5805854797363	257.600006103516	9.30000019073486	428
水稻	30.5871238708496	255.699996948242	11.5	432
水稻	32.3037719726562	259.5	10.8999996185303	428
水稻	31.3594398498535	259.5	13.3000001907349	426
水稻	31.635871887207	263.299987792969	16.5	436
水稻	40.7752456665039	223.966384887695	8.72459983825684	449
水稻	42.7683334350586	278.675720214844	10.4561996459961	458
水稻	44.023006439209	280.385406494141	10.8824396133423	468
水稻	41.1115112304687	208.579376220703	6.65999984741211	467
水稻	42.4999465942383	222.256713867187	7.6723198890686	441
小麦	43.063419342041	259.869384765625	22.5374393463135	380
小麦	42.1303596496582	239.353393554687	16.4368801116943	433
小麦	39.951717376709	242.772720336914	18.8477993011475	391
小麦	41.7434005737305	261.579071044922	16.8897590637207	467
小麦	37.9665832519531	270.127380371094	25.947359085083	451
水稻	45.4431381225586	232.514724731445	7.51247978210449	487
小麦	32.4305801391602	218.837387084961	17.6090393066406	417
水稻	41.9084403342621	165.585	6.35416666666667	411.46
水稻	46.0147525899472	158.3225	6.97916666666667	348.96
水稻	41.8043730489163	198.9925	8.64583333333333	369.79
水稻	35.7570448011475	162.68	4.89583333333333	364.58
水稻	42.8231207324976	161.2275	13.2291666666667	401.04
小麦	42.7880585537389	224.2296875	4.375	442.71
小麦	41.9166106314433	219.8721875	11.25	453.13
小麦	41.282668099109	177.7496875	11.25	442.71
小麦	41.7782583523997	209.7046875	8.75	453.13
小麦	40.1865618435889	177.7496875	16.25	447.95
小麦	41.548543531904	187.9171875	14.5833333333333	447.92
水稻	41.9448349850084	155.4175	7.08333333333333	375
水稻	29.6859853258524	166.979166666667	17.2916666666667	395.833333333333
小麦	45.1659810671257	255.9375	18.6458333333333	518.292682926829
小麦	38.2328079930495	168.4375	14.6875	398.28431372549
小麦	46.6925313843508	264.6875	18.4375	473.027375201288
小麦	40.4090414507772	253.020833333333	16.1458333333333	521.065387788779
小麦	39.5138110918544	200.520833333333	15.1041666666666	472.560975609756
水稻	32.9235	207.08333	20.1041666666667	440.505804311775
水稻	39.5675621805792	239.895833333333	17.5	484.375
水稻	37.0476439522998	222.395833333333	16.3541666666666	421.875
水稻	39.858035472973	196.145833333333	18.3333333333333	319.719471947195
水稻	41.0643538461538	203.4375	18.0208333333333	348.958333333333
小麦	39.5459766132525	203.4375	11.6666666666667	479.166666666667
水稻	30.5900001525879	142	5	323.5
水稻	32.2999992370605	144.899993896484	5.80000019073486	382.299987792969
水稻	32.0200004577637	147.199996948242	3.90000009536743	342.5
水稻	42.5324974060059	227.385711669922	16.1704807281494	456
水稻	36.2285575866699	213.708374023438	13.8528003692627	434
水稻	37.9871253967285	211.998718261719	8.72459983825684	477
水稻	37.8113174438477	208.579376220703	6.7266001701355	505
水稻	41.7572708129883	215.418045043945	0.492839992046356	426
水稻	39.6525764465332	232.514724731445	5.94072008132935	426
水稻	48.4285787995756	172.8475	11.875	468.75
水稻	38.1545116278288	127.82	5.72916666666667	364.58
水稻	42.6004701914274	127.82	16.4583333333333	390.63
水稻	37.9383653370919	136.535	8.95833333333334	411.46
水稻	38.2540451364231	135.0825	8.54166666666667	437.5
小麦	43.8520483366712	177.93125	11.6666666666667	460.94
小麦	36.0632771074829	195.1796875	4.89583333333333	473.96
小麦	37.9457438951629	241.6596875	5	447.92
小麦	43.0359615581058	198.0846875	9.16666666666667	463.54
小麦	41.336632371134	231.4921875	11.3541666666667	510.42
小麦	43.661501314904	189.55125	10.3125	463.54
水稻	43.497745840502	135.0825	14.4791666666667	411.46
小麦	32.4781990521327	175.729166666667	14.7916666666667	643.382352941176
水稻	38.4793262077811	180.104166666667	24.7916666666667	301.266339869281
小麦	35.4929338521401	206.354166666667	18.5416666666667	530.849358974359
小麦	29.2862814943527	181.5625	17.3958333333333	495.302287581699
小麦	34.6824280762565	238.4375	17.9166666666666	520.833333333333
小麦	36.3490301984469	219.479166666667	11.9791666666667	653.59477124183
小麦	36.7636152855303	184.479166666667	18.3333333333333	407.384488448845
水稻	38.60234	213.645833333333	21.4583333333333	324.876237623762
水稻	34.0355143929913	196.145833333333	20.8333333333333	326.492537313433
水稻	36.1534019566142	156.770833333333	19.6875	304.249174917492
水稻	40.4004902216428	174.270833333333	14.6875	296.160130718954
水稻	37.8950620929223	120.3125	12.3958333333333	302.083333333333
小麦	14.210000038147	70.5999984741211	9.89999961853027	1412.5
小麦	12.9200000762939	61.2000007629395	8	1312.90002441406
小麦	12.8500003814697	71	9.69999980926514	1399
小麦	14.4200000762939	74	14.3999996185303	1417.30004882812
小麦	14.6499996185303	78.9000015258789	13	1344
小麦	14.7799997329712	79.5	13.3000001907349	1278.19995117188
小麦	13.1000003814697	67.3000030517578	8.30000019073486	1381.90002441406
小麦	12.6400003433228	68.3000030517578	14.6000003814697	1252.80004882812
小麦	13.6800003051758	71.6999969482422	15	1338.5
小麦	13.3599996566772	68.3000030517578	15.3999996185303	1412.40002441406
小麦	12.1339655917661	66.446226	15.8566518209292	1918.8
小麦	11.4763258867313	74.12328	15.8786026376147	1974.7
小麦	12.6395778073407	76.77054	16.3102263130344	1851.3
小麦	14.9509294188748	57.2234465205786	10.3560466543892	1226
小麦	14.300774030196	63.7432831737346	8.82136279926335	1205
小麦	13.8657012050648	62.0965389512675	10.9085328422345	1169
小麦	12.039999961853	70.3000030517578	8.39999961853027	1401.69995117188
小麦	14.8599996566772	67.3000030517578	13.1000003814697	1431.19995117188
小麦	13.2700004577637	63	12	1424.40002441406
小麦	14.6000003814697	67.9000015258789	14.3999996185303	1467
小麦	13.0500001907349	66.0999984741211	15.8000001907349	1553
小麦	14.3100004196167	75.9000015258789	15.5	1456
小麦	12.8599996566772	73.4000015258789	9.69999980926514	1438.19995117188
小麦	13.3000001907349	61.2999992370605	13.3999996185303	1314.5
小麦	12.7600002288818	64.8000030517578	13.5	1354.40002441406
小麦	13.3800001144409	61.2999992370605	16.2000007629395	1243.80004882812
小麦	11.9623057203966	73.593828	12.9520895194588	1533.1
小麦	12.4365411879646	64.328418	12.8418288282121	1699.5
小麦	12.1580431127352	73.064376	12.683914747233	1493.2
小麦	14.6969605167613	50.3040540540541	10.939226519337	1109
小麦	15.0369296940373	60.6595191040843	8.7292817679558	1213
小麦	14.899269073961	64.3930365409239	12.4432166973603	1274
冬小麦	13.1000003814697	56.9000015258789	20.8999996185303	1357.59997558594
冬小麦	12.3000001907349	46.0999984741211	19.3999996185303	1273.59997558594
冬小麦	13.5	57.9000015258789	35.5	1237.09997558594
冬小麦	13.6000003814697	66.5999984741211	16.8999996185303	1250
冬小麦	14.3000001907349	53.2000007629395	24.3999996185303	1385.40002441406
冬小麦	13	58.9000015258789	25	1184.59997558594
小麦	12.9899997711182	64	28.5	1342.5
小麦	12.8299999237061	60.7000007629395	24.6000003814697	1419.69995117188
小麦	13.0799999237061	56.7999992370605	29.3999996185303	1372.59997558594
小麦	13.1800003051758	70	25.2999992370605	1443.19995117187
小麦	13.9300003051758	70.3000030517578	26.5	1359.40002441406
小麦	12.9300003051758	58.4000015258789	24.7000007629395	1344.30004882812
小麦	12.3699998855591	57.4000015258789	19.7999992370605	1339.5
小麦	13.8500003814697	62.7000007629395	28.8999996185303	1376.30004882812
小麦	13.9099998474121	60.4000015258789	31.7999992370605	1449.19995117187
小麦	12.9499998092651	60.4000015258789	24.5	1413.09997558594
小麦	12.9499998092651	56.7999992370605	21.8999996185303	1378.5
小麦	13.4300003051758	62.7000007629395	27.3999996185303	1281.5
玉米	9.96000003814697	61.2000007629395	18	1241.69995117188
玉米	10.4799995422363	64.1999969482422	15.8000001907349	1211.59997558594
玉米	10.789999961853	64.8000030517578	20.2000007629395	1327.5
玉米	12.3199996948242	69.6999969482422	19.7000007629395	1275.40002441406
玉米	10.7200002670288	65.5	18.8999996185303	1274.69995117188
玉米	8.59000015258789	46.5	13.8000001907349	1190.09997558594
小麦	13.9799995422363	68.3000030517578	17.7999992370605	1327.30004882812
小麦	14.2799997329712	68.3000030517578	22.2999992370605	1317.5
小麦	13.6800003051758	66.5	22.1000003814697	1208.5
玉米	13.7919888978591	75.711636	27.3181156709642	1756
玉米	12.7169492785259	70.946568	20.0945373166317	1802.9
玉米	11.2729046262757	77.299992	19.7428884627677	1873.7
小麦	15.1065273231337	56.9085264109518	19.8096992019644	1195
小麦	15.1364727702341	54.8904428904429	15.512584407612	1208
小麦	15.6068756765807	70.8164430115023	22.6335174953959	1269
冬小麦	9.89999961853027	55.9000015258789	10.3999996185303	809
冬小麦	10.5	51.7999992370605	12.1999998092651	923.299987792969
冬小麦	11.5	51.5	6.80000019073486	927
冬小麦	9.80000019073486	44.0999984741211	8	815.599975585938
冬小麦	10.1000003814697	41.4000015258789	6.5	872.299987792969
冬小麦	10.8999996185303	50.5	7.5	676.299987792969
小麦	9.47999954223633	46.9000015258789	9.80000019073486	1059.09997558594
小麦	10.5900001525879	49.7999992370605	20.3999996185303	1098.59997558594
小麦	10.7799997329712	55.0999984741211	12.3000001907349	1101.19995117188
小麦	10.3599996566772	47.9000015258789	10.5	1083.19995117188
小麦	9.21000003814697	48.2000007629395	7.5	1046.80004882812
小麦	10.0500001907349	44.5999984741211	12	1063.40002441406
小麦	11.4899997711182	82.5999984741211	38.7000007629395	1043.69995117188
小麦	10.5699996948242	79.5	19.8999996185303	1038.30004882812
小麦	9.9399995803833	69.6999969482422	7.59999990463257	1002.40002441406
小麦	12.039999961853	77.6999969482422	25.3999996185303	1049.69995117188
小麦	10.3999996185303	59.9000015258789	11.6000003814697	1009.09997558594
小麦	12.3999996185303	66.0999984741211	25.2000007629395	1148.69995117188
小麦	10.6599998474121	54.4000015258789	10.6000003814697	983.5
小麦	10.4200000762939	54.4000015258789	13.1000003814697	958.200012207031
小麦	11.7200002670288	61.2999992370605	14	949.5
小麦	8.52119010132601	61.945884	12.3546582020838	1132.1
小麦	8.54047383513896	65.122596	12.3701736489052	1021.7
小麦	9.26730354477468	59.828076	13.4528873173571	1036.6
玉米	11.9679068475401	60.2105789516391	24.7206875383671	846
玉米	11.6904245768068	65.3806140350877	13.3640270104358	848
玉米	12.7524340486152	66.8500843983603	20.97605893186	938
冬小麦	14.0100002288818	55.4000015258789	4.59999990463257	1371.80004882812
冬小麦	12.1000003814697	48.5999984741211	2.90000009536743	1366.19995117188
玉米	13	51.2000007629395	5.19999980926514	1357.80004882812
玉米	13.3999996185303	58.2000007629395	11.1999998092651	1334.90002441406
玉米	14.1000003814697	62.5999984741211	8.5	1382.40002441406
玉米	13.6999998092651	65.3000030517578	14.6999998092651	1401.40002441406
玉米	13.1999998092651	53.2000007629395	9.69999980926514	1448.69995117187
玉米	12.6000003814697	59.2000007629395	7.30000019073486	1296.5
玉米	12.7799997329712	68	19	1415.69995117188
玉米	13.2399997711182	59.7999992370605	11.3000001907349	1451.69995117187
玉米	13.2700004577637	62	8.80000019073486	1368.80004882812
玉米	13.6400003433228	61.0999984741211	9.19999980926514	1338.09997558594
玉米	13.6800003051758	60.7000007629395	23.2000007629395	1477.69995117187
玉米	13.8000001907349	59.7000007629395	10.8000001907349	1360.90002441406
小麦	13.6800003051758	72.8000030517578	29.1000003814697	1448.19995117187
小麦	10.8699998855591	54.4000015258789	3.40000009536743	1254.69995117188
小麦	13.3999996185303	68.5	10.3999996185303	1434.30004882812
小麦	13.2200002670288	66.6999969482422	25.2000007629395	1442.59997558594
小麦	12.6899995803833	63	14.5	1343.80004882812
小麦	14.6400003433228	72.1999969482422	13.8000001907349	1383.09997558594
小麦	15.5799999237061	78.9000015258789	19.7999992370605	1281.19995117188
小麦	14.3400001525879	78.9000015258789	10.8999996185303	1290.90002441406
小麦	15.1400003433228	79.5	25.2000007629395	1280.5
小麦	14.2200002670288	71	8.69999980926514	1288.5
小麦	13.9799995422363	69.6999969482422	27.1000003814697	1237.30004882812
小麦	14.4499998092651	72.1999969482422	17.3999996185303	1424.90002441406
玉米	12.6000003814697	54.4000015258789	24.7999992370605	1157.30004882812
玉米	14.9399995803833	64.8000030517578	25.3999996185303	1353.19995117188
玉米	14.0200004577637	68.3000030517578	26	1294.90002441406
玉米	14.210000038147	71.6999969482422	24.7999992370605	1317.69995117188
玉米	14.1499996185303	68.3000030517578	22	1292.09997558594
玉米	13.75	68.3000030517578	20.2000007629395	1196
小麦	15.2673209183524	85.771224	13.6952676238477	1565.2
小麦	13.1579990767612	76.241088	14.83706114	1390.9
小麦	12.8055060156511	91.065744	19.6648321136059	1728.7
小麦	10.4303067876126	75.44691	17.0183612833648	1500.1
小麦	6.67763814130585	54.533556	14.8598391505837	1558.5
小麦	14.4323359148872	72.534924	14.8336251501182	1461.9
玉米	15.1092436897593	76.8	16.3106200122775	1062
玉米	15.8145242605666	73.0889123418835	15.5739717618171	1231
玉米	15.549067461969	75	17.1700429711479	1095
玉米	15.3714710452587	87.0974571057255	21.3443830570902	1085
玉米	14.6891267500038	69.7359072012368	14.2234499693063	1125
玉米	14.9105346021423	58.9701896009273	15.5739717618171	1205
其他	12.6099996566772	53	5.19999980926514	1232.69995117188
其他	13.039999961853	54	7.90000009536743	1327
冬小麦	14.3000001907349	51.7999992370605	32.7000007629395	1493.5
冬小麦	14.3000001907349	61.9000015258789	31.1000003814697	1307.59997558594
冬小麦	13.8000001907349	57.9000015258789	40.2000007629395	1473
小麦	14.5500001907349	64.6999969482422	18.6000003814697	1145.09997558594
小麦	14.5900001525879	65.3000030517578	17.8999996185303	1251.09997558594
小麦	16.8999996185303	83.8000030517578	48.4000015258789	1521.5
小麦	18.0200004577637	84.4000015258789	24.1000003814697	1580.09997558594
小麦	15.1999998092651	71.6999969482422	26.7999992370605	1303.09997558594
小麦	14.6499996185303	80.4000015258789	33.2000007629395	1236.19995117188
小麦	17.0799999237061	82.0999984741211	33.7999992370605	1358.40002441406
小麦	15.791198125941	78.888348	14.0705899443317	1656.9
小麦	17.2033925668717	79.4178	30.9972130779884	1709.8
小麦	15.0373084286255	78.888348	19.8456310111895	1717.4
小麦	15.8264382042677	65.6544943820225	28.3425414364641	1188
小麦	17.9198079476964	65.0715811965812	38.4714548802947	1243
小麦	16.6164163279824	72.3698894635144	30	1286
玉米	14.3400001525879	66.6999969482422	26.3999996185303	958
玉米	14	62.4000015258789	11.8000001907349	1103
小麦	13.8599996566772	79.5	17.7000007629395	1352
小麦	15.0299997329712	79.5	24.3999996185303	1312.80004882812
小麦	14.2200002670288	73.5	15.3000001907349	1330.69995117188
小麦	15.0600004196167	71.6999969482422	16	1350.19995117188
小麦	13.75	68.3000030517578	15.8000001907349	1345.5
小麦	12.5044037347258	71.47602	13.9502939012499	1513.3
小麦	12.6263026516516	72.005472	18.0496110053983	1400.3
小麦	14.9471093438051	75.182184	13.8609212084529	1534.6
玉米	14.7643742275512	59.5364161849711	10.6629834254144	1141
玉米	14.8255904951622	60.9080142123964	13.9165131982812	1107
玉米	14.2574536840839	64.0331040198892	14.5303867403315	1227
小麦	11.8299999237061	53.0999984741211	7.90000009536743	1115.40002441406
小麦	12.1899995803833	54.7999992370605	8	1140
小麦	14.2799997329712	81.4000015258789	9.39999961853027	1429.30004882812
小麦	14.5799999237061	71.5999984741211	8.30000019073486	1418.90002441406
小麦	11.8100004196167	68.3000030517578	12	1298.40002441406
小麦	12.4300003051758	68.3000030517578	12	1275.69995117188
小麦	12.0299997329712	57.9000015258789	12	1188.90002441406
小麦	13.6226922175404	66.710952	15.5875961860855	1261.1
小麦	14.4300462192032	68.299308	15.8024511438822	1326.8
小麦	12.5374994045605	67.769856	13.2524671849405	1535.6
小麦	14.4612144830752	55.4794512838023	10.7243707796194	1169
小麦	12.9220475463722	46.6298210593855	11.4610190300798	1163
小麦	13.7355170378811	63.5844081453407	12.6887661141805	1163
玉米	8.69614601135254	43.3440017700195	7.54656791687012	692.120361328125
玉米	12.4404935836792	53.4575996398926	8.02380180358887	592.7373046875
玉米	18.4848289489746	66.4608001708984	9.01658058166504	676.5205078125
玉米	13.2190313339233	52.0127983093262	11.0058565139771	644.430725097656
玉米	13.9255323410034	57.7919998168945	8.64559841156006	715.571533203125
玉米	13.5473651885986	54.902400970459	15.0725269317627	754.375244140625
玉米	9.1899995803833	44.7000007629395	10.6999998092651	722.599975585938
玉米	11.2200002670288	35.5	14.1000003814697	775.299987792969
玉米	7.84000015258789	67.0999984741211	12.5	808
玉米	10.5699996948242	47.4000015258789	17.2000007629395	704.099975585938
玉米	9.75	51.2999992370605	7.19999980926514	667.900024414062
玉米	16.1800003051758	57.9000015258789	9.5	750
玉米	9.05000019073486	51.2999992370605	7.5	731.900024414062
玉米	12.75	53.9000015258789	10.1999998092651	698.099975585938
玉米	10.9799995422363	44.7000007629395	14	744
玉米	9.23999977111816	44.7000007629395	15.1000003814697	760.900024414062
玉米	9.10000038146973	42.0999984741211	13.3999996185303	652.700012207031
玉米	10.4099998474121	59.2000007629395	13.1000003814697	838.299987792969
玉米	13.3199996948242	58.2000007629395	7	627.5
玉米	13.5200004577637	70.4000015258789	7.19999980926514	623.799987792969
玉米	14.3400001525879	75	6.5	635.299987792969
玉米	9.75059223175049	50.6374397277832	14.022798538208	473.982208251953
玉米	11.3940839767456	44.3077583312988	11.701021194458	545.40625
玉米	10.4517478942871	44.3077583312988	11.429030418396	473.964294433594
其他	9.7827878391176	49.927	9.6100158993502	636.722017220172
其他	7.59265328003849	51.366	9.68434310586352	652.409861325116
冬小麦	13.9204237758226	53.914672	10.1274351585014	432.68074735987
冬小麦	15.1968624778825	50.627192	10.2594778912644	442.884795504215
冬小麦	12.8899155406402	48.983452	9.56458473146754	442.402219636624
其他	8.30316776351524	47.9416	9.02137904468413	571.705826429445
柑橘	26.5799999237061	127.400001525879	3.09999990463257	230
柑橘	32.3300018310547	151.100006103516	6.30000019073486	190.800003051758
柑橘	29.9099998474121	129.5	4.80000019073486	210.199996948242
柑橘	26.3600006103516	142.100006103516	7.19999980926514	289.700012207031
柑橘	27.2179441409279	76.841576815534	6.62	176.715604934709
柑橘	19.1285030828692	69.0406948256881	4.925	173.256492103874
柑橘	26.4547573198454	79.2730953028962	5.52	162.033592178193
其他	21.0699996948242	114.300003051758	1.70000004768372	186.199996948242
其他	22.0200004577637	106.699996948242	2.29999995231628	136.899993896484
其他	29.3299999237061	122.199996948242	2.59999990463257	123.599998474121
其他	25.0300006866455	91.6999969482422	1.79999995231628	133.800003051758
黄豆	18.5799999237061	120.599998474121	29.1000003814697	107.300003051758
其他	13.4200000762939	79.0999984741211	0.400000005960464	193.699996948242
其他	19.7099990844727	124.300003051758	1.10000002384186	124.5
水稻	14.6400003433228	96.6999969482422	6.59999990463257	161.600006103516
其他	14.4700002670288	101.699996948242	6.5	255.199996948242
其他	17.9400005340576	94.1999969482422	1.5	155.300003051758
水稻	36.939998626709	197.199996948242	8	149.5
其他	20.75	129.300003051758	13.8999996185303	212.699996948242
其他	21.8999996185303	131.899993896484	69.3000030517578	117.5
水稻	18.2600002288818	111.800003051758	7.59999990463257	113.400001525879
水稻	36.4700012207031	198.399993896484	6.59999990463257	78.6999969482422
水稻	30.0100002288818	166	7.90000009536743	89.0999984741211
水稻	25.5	138.300003051758	14.8000001907349	114.599998474121
水稻	31.6200008392334	163.300003051758	5	187.199996948242
水稻	38.3400001525879	209.699996948242	5.59999990463257	154.699996948242
水稻	26.8600006103516	135.100006103516	5.90000009536743	75.5999984741211
其他	20.3999996185303	121.800003051758	3	174.899993896484
水稻	32.0400009155273	172.399993896484	10.8999996185303	137
水稻	34.060001373291	197.800003051758	7.30000019073486	136
水稻	34.1199989318848	183.300003051758	10.3000001907349	79.9000015258789
水稻	31.2999992370605	145.699996948242	4.09999990463257	114.5
水稻	33.2799987792969	173.300003051758	9.19999980926514	109.800003051758
水稻	32.8400001525879	187.100006103516	7.19999980926514	104.5
水稻	29.3299999237061	158.199996948242	7.30000019073486	116.5
水稻	26.5599994659424	157	6.80000019073486	94.5
水稻	34.5	198.399993896484	11.8000001907349	81
水稻	20.1599998474121	99.4000015258789	7.69999980926514	369
水稻	20.9899997711182	115.5	8.60000038146973	394
水稻	21.4500007629395	122.599998474121	8.30000019073486	150
水稻	19.2900009155273	109.900001525879	8.19999980926514	172
水稻	20.8099994659424	55.4000015258789	8.89999961853027	316
水稻	17.3500003814697	109.199996948242	6.09999990463257	152
水稻	21.7900009155273	105.199996948242	8.5	358
水稻	21.3899993896484	109.900001525879	13.1000003814697	372
水稻	20.4300003051758	94.9000015258789	13.1000003814697	306
水稻	16.6000003814697	83.0999984741211	5.19999980926514	310
水稻	21.1700000762939	116.300003051758	8	167.300003051758
水稻	20.6499996185303	81.6999969482422	11.1000003814697	218.199996948242
水稻	25.9099998474121	96.1999969482422	14.1000003814697	221.199996948242
水稻	23.0599994659424	92	13.8999996185303	212.800003051758
水稻	25.2800006866455	91	15	230.399993896484
水稻	22.7000007629395	94.5	12.1000003814697	237.5
水稻	22.1100006103516	92.5	14.3000001907349	205.5
水稻	24.23646544294	139.359921037037	11.515	166.372866214356
水稻	23.4877994877995	127.030343786667	8.315	175.92021392182
水稻	27.0787223023778	131.649625202941	8.175	174.128256513026
水稻	22.1455554958537	99.36	10.46	160.867529880478
水稻	26.2415090968039	123.852805618662	9.885	168.353293413174
水稻	26.6646085485406	117.735105703704	9.98	182.310756972112
玉米	18.2099990844727	110.300003051758	6.09999990463257	124
玉米	23.7800006866455	120.199996948242	20.1000003814697	154
玉米	26.9300003051758	114.699996948242	16.8999996185303	218
玉米	21.0799999237061	114.699996948242	10	262
玉米	26.6499996185303	108.099998474121	37.0999984741211	199.800003051758
玉米	26.8299999237061	144	32.0999984741211	252
玉米	27.1100006103516	153.699996948242	30.2999992370605	233.600006103516
玉米	26.1700000762939	133.699996948242	31	239.199996948242
玉米	23.9400005340576	134.100006103516	32	215.800003051758
玉米	25.5599994659424	131	32.5999984741211	236
红薯	23.8015946155527	73.6479425066667	37.44	207.193987975952
红薯	21.8964445593257	65.9166011808499	32.56	181.801397205589
红薯	24.9088079943408	71.2394859849056	26.07	175.17874251497
红薯	25.8569168689073	107.5062248	36.8	162.544311377246
红薯	24.9860845260332	87.8912643063636	35.75	191.314810379242
红薯	19.3437047498805	63.9133430962963	30.78	165.31004008016
水稻	29.8700008392334	84.5999984741211	9.10000038146973	228
水稻	30.3299999237061	126.199996948242	9.89999961853027	154.5
水稻	30.7880889326394	154.710107413333	7.195	117.893343999741
水稻	31.8307049799143	139.881662613333	9.18	119.26127744511
水稻	30.4277512905247	133.678492281279	7.51	119.2
其他	16.1499996185303	79.0999984741211	9.10000038146973	211
柑橘	21.25	106.800003051758	8.30000019073486	173.600006103516
柑橘	18.8044315581983	98.2564424854369	11.46	128.119780439122
柑橘	25.1387228554784	95.0660151	9.05	142.206973947896
柑橘	19.4608411723548	53.9679207920792	11.385	143.758997995992
水稻	29.2600002288818	173.199996948242	8	284
水稻	30.7600002288818	134.899993896484	9.5	324
水稻	37.3699989318848	127.879997253418	15.1000003814697	153
其他	29.9533151227368	144.504648345098	25.245	140.742237858287
其他	22.9599990844727	98.9000015258789	2.5	176
柑橘	28.6499996185303	120.76000213623	3.5	192.600006103516
其他	16.8774393798142	68.1369767365489	6.7	117.949411797647
其他	27.7721527261377	77.1217713196262	8.255	111.820029120466
其他	26.763029391503	80.4923681851852	18.86	91.6139879759519
